.Random.seed <-
c(10403L, 10L, 1452453722L, -659199579L, -27523649L, -236358074L, 
986371280L, -1784705293L, 984856593L, -848773568L, 1861440030L, 
-1425285911L, -2144098789L, -225061334L, -51500724L, 105878287L, 
1823417925L, -1867186180L, 1762494034L, -1100170291L, -1010174585L, 
2080993390L, 1073539144L, 120465995L, 538429353L, -712702216L, 
-313445850L, -332108991L, 769708243L, -1199434622L, 1064374964L, 
1725490743L, 239865133L, -271489468L, 933092202L, -1991120939L, 
164217199L, -597193610L, 1501202336L, -1894113181L, -2004818687L, 
671606896L, 1785091086L, 413402233L, 910177291L, 189037882L, 
1803631676L, -114484353L, 1864894677L, 607702252L, -653588926L, 
-1421633123L, -1195598825L, 732438910L, 994391864L, 1822236699L, 
211464569L, 572348360L, 1118698486L, -603926991L, 286492771L, 
1745258546L, 1030686084L, -497873977L, -994287971L, 1994552852L, 
1914203322L, -228968187L, -1167312161L, 1030014822L, 270728944L, 
-1713527277L, 417607601L, 1931565664L, -800651266L, -1901222007L, 
619180219L, -510473078L, 986754924L, -813900561L, 1181824805L, 
724681180L, -759717966L, 347023021L, -1357210009L, -181002866L, 
172776040L, -383379861L, 1287958537L, 224480920L, -1846027834L, 
163555617L, 16476595L, -1598884574L, 726691604L, 1051359127L, 
-899737715L, -1432958300L, 453739658L, 317430517L, -1918055089L, 
-1390220714L, 259938560L, -570614717L, -1218228255L, -32579760L, 
1874391470L, 1874919257L, -2022902421L, -1940726566L, 1655215516L, 
1686198687L, -1287980043L, 1277434508L, 1898663778L, -892555459L, 
-1005238345L, -27278242L, 1407023512L, -876667653L, -97781607L, 
900409640L, 1576210390L, 1628331089L, 1560983299L, 1851440786L, 
-898114524L, 929497831L, 169883453L, -1887696972L, -479802342L, 
1260500837L, -282850817L, -1069038458L, -1261328368L, -413615437L, 
-1765689007L, -190146304L, 1165122526L, 1691019305L, -1081925669L, 
-648520470L, 1004898956L, -1929333297L, 1611991429L, -559099332L, 
-682260718L, 327994381L, 241993543L, -719772370L, -229862264L, 
1136304523L, 921393513L, -2082352328L, 1283882470L, 529172865L, 
-1318699757L, 163347138L, -786586252L, 425776503L, 866508397L, 
303460612L, 1917969450L, -955442795L, 800222767L, 1918995254L, 
476631904L, 312318371L, -2095117631L, 1302061744L, 49987022L, 
977473849L, 1932946763L, -2113313030L, 1065265148L, -1261230017L, 
1288417557L, 600652332L, -722475262L, -647306275L, 230166231L, 
-1308476994L, -2128299016L, -1293037605L, -1082269127L, -1158519928L, 
1266320182L, -1325858447L, -768959581L, -195163406L, -1368749500L, 
1219990791L, -752513827L, -1244329516L, -22999814L, -2049395643L, 
-246995809L, 1707304486L, -1635327312L, -806441133L, -1858790799L, 
-1719883872L, 1091915582L, -469707191L, -278416645L, -1711721782L, 
-995404756L, -904852433L, -679303963L, -1640165988L, 1752690674L, 
308603501L, -592891993L, 918106574L, -1577175256L, 1996225835L, 
130060105L, 594179160L, -1174925050L, -203682591L, 155446387L, 
-1237722910L, 1392509012L, -977484457L, 1062024525L, 530827492L, 
-158993206L, 376207669L, -1063735409L, 334631804L, 1972846868L, 
-1240192702L, 300947712L, 26119612L, 1260726608L, 922294562L, 
390439496L, 1966770188L, 684451420L, -331671086L, 521842176L, 
-1039413932L, -1316750104L, 1050294522L, 744758992L, 895220524L, 
1954277620L, -1865727598L, -177896096L, 39183372L, -597369632L, 
1393365602L, 1403925672L, -755932084L, 1527664508L, 1226041650L, 
1260151408L, 2005635908L, -1795986472L, 483392378L, 1264351280L, 
1258999740L, 1438243412L, 546586690L, 1710458528L, 361132732L, 
571220944L, -1214360222L, -68935960L, 1562787020L, -318043652L, 
839552498L, -1492296576L, 549988852L, 894186120L, 1951873850L, 
-1822505648L, -562887572L, 657407380L, -1279883182L, -587321888L, 
384345292L, -840741216L, 1380254082L, -49442584L, 1426221804L, 
1980235068L, 1642285170L, -1684696464L, 1300240932L, 149735480L, 
-379844326L, -680250160L, 699836732L, 2077455252L, -160049278L, 
-1958626368L, 2007668284L, 1049579920L, 1403222050L, -720405240L, 
-1894496116L, 2006220572L, 1455504530L, 352513408L, 783986708L, 
175646504L, 1722930746L, -717706800L, -1621652L, -1906955340L, 
-1008463342L, 760465376L, 1475783116L, 815188192L, 1398510626L, 
-552019160L, -603522548L, -603720900L, 1198864370L, 531727088L, 
1019738692L, -874158504L, -1278916806L, 1962711024L, 114838204L, 
-106302188L, -1088045886L, 1347112032L, 699198844L, 2056617936L, 
-957097694L, 943050408L, 320241548L, -1242970948L, -968621262L, 
770876992L, 421369012L, -1079960504L, -142811718L, -146728432L, 
1697012972L, 532726100L, -101098734L, 1467688352L, 2002801356L, 
1622497888L, -754001982L, -1456860376L, 1809973676L, -1881660100L, 
173187954L, -934210256L, -215466204L, -1658817224L, 551409370L, 
1708726160L, -1219173636L, -178373740L, -1952709566L, 1419635968L, 
-401182660L, 1954438480L, -1912089438L, 902581064L, 1217167116L, 
-50954532L, -44161198L, 2145310336L, 594554964L, 1362334696L, 
776866554L, 1714052432L, -1064491220L, -228783244L, 1186087826L, 
589757024L, -1108562036L, -1142921376L, 601263074L, 1649724328L, 
1966943436L, -1983178244L, -1514152014L, -1255576080L, -643191356L, 
-450657960L, 1861408122L, -28979792L, 1470366652L, 340179028L, 
520335298L, -327718880L, 1295712444L, -30672304L, -1901340702L, 
-761164184L, 622112332L, -949053188L, 1039794162L, 1650799872L, 
117894004L, 1293658120L, 562088378L, -369488432L, -1104124948L, 
868866964L, 1398442962L, 1780502368L, -1602971316L, 1246204192L, 
-1664553086L, 882093800L, 333539564L, 1650351676L, -1464511630L, 
983684720L, -2140500956L, -855056584L, -2100019046L, 513447632L, 
-1360268100L, 1312447124L, -607802750L, -2060742464L, -589019844L, 
99113104L, -770507230L, 833165832L, 876549388L, 783852188L, -1377061358L, 
1807303040L, -1704730092L, 489389608L, -1562304198L, 1399339984L, 
2100964972L, -1998894284L, -1951763822L, -1726753440L, -213461684L, 
-335342624L, 2107010978L, -74723416L, -777597044L, 1763412668L, 
7744370L, 1293746416L, 1420811332L, 1856273752L, 1331105850L, 
-1192922256L, -1864854468L, -1731335404L, -1397826110L, -682700022L, 
376902184L, 486812305L, 1075550851L, -900805756L, 2105266610L, 
-1167888633L, 1457204561L, -2073565994L, 741937588L, 1883039173L, 
2146796815L, 885474184L, -993219930L, -1448437165L, 573133749L, 
-1033285358L, 649958112L, 1593128777L, -1853175429L, -574290868L, 
-1999309350L, -429434929L, 1418324377L, 1436633518L, 1898038972L, 
-1412737235L, 234910935L, -1245135584L, -978695554L, -1988357045L, 
1585780301L, -365646726L, 167840952L, -649664927L, 490224659L, 
-2099488204L, 540789826L, 1662100567L, -1904791647L, -712597402L, 
-144172956L, -774638699L, -147376961L, -410045352L, 173830262L, 
-1154154365L, -191721275L, 1408609762L, 558617680L, 1120673145L, 
-1984666965L, -1372366308L, -757562038L, -747987649L, -1139827831L, 
-1198337122L, 1777136204L, -1231031267L, -539619929L, -1382858544L, 
411497070L, 1946791195L, -1711032707L, -1380092822L, 772489480L, 
1144198577L, -1747635677L, -646457564L, 2079223762L, -1209926617L, 
-654666127L, 4672694L, 1930525780L, -1388329755L, 479449327L, 
-244722648L, 918855814L, -2110580045L, -1716200427L, 1121304178L, 
-2032788800L, 410181417L, 1314925979L, -1291314580L, 1866141306L, 
-1115357265L, -699888967L, 1577641166L, -1253204452L, -1576696435L, 
426591223L, -1873434880L, -1285960354L, 1141356075L, 199244077L, 
-1301887590L, -444361896L, 1029491393L, 1482341747L, -1609867628L, 
940808994L, 1533867575L, 2020045569L, -107824634L, -349370300L, 
1907624309L, 1422724319L, -1101950920L, -1323223018L, 1822918691L, 
-1663518747L, -638299646L, 1975816304L, 239478297L, 453195787L, 
-1657498884L, 587678506L, 1345807711L, -1850426135L, -1490404354L, 
-216168468L, -988945603L, -1000182009L, 914630384L, -1470364018L, 
-471105349L, 957211805L, 2008488010L, -876262808L, 1809098321L, 
2022841667L, 2032602180L, 1714077426L, 1982129863L, 1039789201L, 
-1512922602L, -965209996L, 1778627333L, 1313831247L, -48313528L, 
2075429606L, -188449773L, 534094709L, 697234258L, -1015004256L, 
-1409227127L, 398725819L, 1820756236L, -1256938342L, -785343985L, 
